#Coor		Free	+/-		Prob		+/-
0.100700	inf	nan	0.000000	nan
0.102100	inf	nan	0.000000	nan
0.103500	inf	nan	0.000000	nan
0.104900	inf	nan	0.000000	nan
0.106300	inf	nan	0.000000	nan
0.107700	inf	nan	0.000000	nan
0.109100	inf	nan	0.000000	nan
0.110500	inf	nan	0.000000	nan
0.111900	inf	nan	0.000000	nan
0.113300	inf	nan	0.000000	nan
0.114700	inf	nan	0.000000	nan
0.116100	inf	nan	0.000000	nan
0.117500	inf	nan	0.000000	nan
0.118900	inf	nan	0.000000	nan
0.120300	inf	nan	0.000000	nan
0.121700	inf	nan	0.000000	nan
0.123100	inf	nan	0.000000	nan
0.124500	inf	nan	0.000000	nan
0.125900	inf	nan	0.000000	nan
0.127300	inf	nan	0.000000	nan
0.128700	inf	nan	0.000000	nan
0.130100	inf	nan	0.000000	nan
0.131500	inf	nan	0.000000	nan
0.132900	inf	nan	0.000000	nan
0.134300	inf	nan	0.000000	nan
0.135700	inf	nan	0.000000	nan
0.137100	inf	nan	0.000000	nan
0.138500	inf	nan	0.000000	nan
0.139900	inf	nan	0.000000	nan
0.141300	inf	nan	0.000000	nan
0.142700	inf	nan	0.000000	nan
0.144100	inf	nan	0.000000	nan
0.145500	inf	nan	0.000000	nan
0.146900	inf	nan	0.000000	nan
0.148300	inf	nan	0.000000	nan
0.149700	inf	nan	0.000000	nan
0.151100	inf	nan	0.000000	nan
0.152500	inf	nan	0.000000	nan
0.153900	inf	nan	0.000000	nan
0.155300	inf	nan	0.000000	nan
0.156700	inf	nan	0.000000	nan
0.158100	inf	nan	0.000000	nan
0.159500	inf	nan	0.000000	nan
0.160900	inf	nan	0.000000	nan
0.162300	inf	nan	0.000000	nan
0.163700	inf	nan	0.000000	nan
0.165100	inf	nan	0.000000	nan
0.166500	inf	nan	0.000000	nan
0.167900	inf	nan	0.000000	nan
0.169300	inf	nan	0.000000	nan
0.170700	inf	nan	0.000000	nan
0.172100	inf	nan	0.000000	nan
0.173500	inf	nan	0.000000	nan
0.174900	inf	nan	0.000000	nan
0.176300	inf	nan	0.000000	nan
0.177700	inf	nan	0.000000	nan
0.179100	inf	nan	0.000000	nan
0.180500	inf	nan	0.000000	nan
0.181900	inf	nan	0.000000	nan
0.183300	inf	nan	0.000000	nan
0.184700	inf	nan	0.000000	nan
0.186100	inf	nan	0.000000	nan
0.187500	inf	nan	0.000000	nan
0.188900	inf	nan	0.000000	nan
0.190300	inf	nan	0.000000	nan
0.191700	inf	nan	0.000000	nan
0.193100	inf	nan	0.000000	nan
0.194500	inf	nan	0.000000	nan
0.195900	inf	nan	0.000000	nan
0.197300	inf	nan	0.000000	nan
0.198700	inf	nan	0.000000	nan
0.200100	inf	nan	0.000000	nan
0.201500	inf	nan	0.000000	nan
0.202900	inf	nan	0.000000	nan
0.204300	inf	nan	0.000000	nan
0.205700	inf	nan	0.000000	nan
0.207100	inf	nan	0.000000	nan
0.208500	inf	nan	0.000000	nan
0.209900	inf	nan	0.000000	nan
0.211300	inf	nan	0.000000	nan
0.212700	inf	nan	0.000000	nan
0.214100	inf	nan	0.000000	nan
0.215500	inf	nan	0.000000	nan
0.216900	inf	nan	0.000000	nan
0.218300	inf	nan	0.000000	nan
0.219700	inf	nan	0.000000	nan
0.221100	inf	nan	0.000000	nan
0.222500	inf	nan	0.000000	nan
0.223900	inf	nan	0.000000	nan
0.225300	inf	nan	0.000000	nan
0.226700	inf	nan	0.000000	nan
0.228100	inf	nan	0.000000	nan
0.229500	inf	nan	0.000000	nan
0.230900	inf	nan	0.000000	nan
0.232300	inf	nan	0.000000	nan
0.233700	inf	nan	0.000000	nan
0.235100	inf	nan	0.000000	nan
0.236500	inf	nan	0.000000	nan
0.237900	inf	nan	0.000000	nan
0.239300	inf	nan	0.000000	nan
0.240700	inf	nan	0.000000	nan
0.242100	inf	nan	0.000000	nan
0.243500	inf	nan	0.000000	nan
0.244900	inf	nan	0.000000	nan
0.246300	inf	nan	0.000000	nan
0.247700	inf	nan	0.000000	nan
0.249100	inf	nan	0.000000	nan
0.250500	inf	nan	0.000000	nan
0.251900	inf	nan	0.000000	nan
0.253300	inf	nan	0.000000	nan
0.254700	inf	nan	0.000000	nan
0.256100	inf	nan	0.000000	nan
0.257500	inf	nan	0.000000	nan
0.258900	inf	nan	0.000000	nan
0.260300	inf	nan	0.000000	nan
0.261700	23.344438	nan	0.000000	nan
0.263100	23.325109	nan	0.000000	nan
0.264500	20.080880	nan	0.000001	nan
0.265900	23.285187	nan	0.000000	nan
0.267300	20.040117	nan	0.000001	nan
0.268700	18.406869	nan	0.000001	nan
0.270100	18.111484	nan	0.000001	nan
0.271500	15.449716	nan	0.000004	nan
0.272900	14.717156	nan	0.000006	nan
0.274300	14.461702	nan	0.000006	nan
0.275700	13.769490	nan	0.000009	nan
0.277100	12.975284	nan	0.000012	nan
0.278500	13.270526	nan	0.000011	nan
0.279900	12.303139	nan	0.000016	nan
0.281300	11.643771	nan	0.000022	nan
0.282700	11.533474	nan	0.000023	nan
0.284100	10.932756	nan	0.000029	nan
0.285500	10.647483	nan	0.000033	nan
0.286900	10.166178	nan	0.000041	nan
0.288300	9.825328	nan	0.000047	nan
0.289700	9.651845	nan	0.000051	nan
0.291100	9.321724	nan	0.000059	nan
0.292500	9.044699	nan	0.000066	nan
0.293900	8.752245	nan	0.000075	nan
0.295300	8.451573	nan	0.000086	nan
0.296700	8.378610	nan	0.000088	nan
0.298100	8.226609	nan	0.000094	nan
0.299500	7.839701	nan	0.000111	nan
0.300900	7.790039	nan	0.000114	nan
0.302300	7.568362	nan	0.000125	nan
0.303700	7.350883	nan	0.000137	nan
0.305100	7.190529	nan	0.000147	nan
0.306500	7.124759	nan	0.000151	nan
0.307900	6.897042	nan	0.000167	nan
0.309300	6.839426	nan	0.000171	nan
0.310700	6.767864	nan	0.000176	nan
0.312100	6.696617	nan	0.000182	nan
0.313500	6.528575	nan	0.000196	nan
0.314900	6.630039	nan	0.000187	nan
0.316300	6.497619	nan	0.000198	nan
0.317700	6.285206	nan	0.000217	nan
0.319100	6.186435	nan	0.000227	nan
0.320500	6.170634	nan	0.000228	nan
0.321900	6.185977	nan	0.000227	nan
0.323300	6.105111	nan	0.000235	nan
0.324700	5.987841	nan	0.000247	nan
0.326100	6.028950	nan	0.000242	nan
0.327500	6.004713	nan	0.000245	nan
0.328900	6.006770	nan	0.000245	nan
0.330300	5.863567	nan	0.000260	nan
0.331700	5.747035	nan	0.000274	nan
0.333100	5.862381	nan	0.000260	nan
0.334500	5.780048	nan	0.000270	nan
0.335900	5.761232	nan	0.000272	nan
0.337300	5.809976	nan	0.000266	nan
0.338700	5.762115	nan	0.000272	nan
0.340100	5.805796	nan	0.000267	nan
0.341500	5.795281	nan	0.000268	nan
0.342900	5.861266	nan	0.000261	nan
0.344300	5.704958	nan	0.000279	nan
0.345700	5.532390	nan	0.000300	nan
0.347100	5.806503	nan	0.000267	nan
0.348500	5.638757	nan	0.000287	nan
0.349900	5.509896	nan	0.000303	nan
0.351300	5.633556	nan	0.000287	nan
0.352700	5.532776	nan	0.000300	nan
0.354100	5.767457	nan	0.000271	nan
0.355500	5.532644	nan	0.000300	nan
0.356900	5.719878	nan	0.000277	nan
0.358300	5.620676	nan	0.000289	nan
0.359700	5.594958	nan	0.000292	nan
0.361100	5.650252	nan	0.000285	nan
0.362500	5.871207	nan	0.000259	nan
0.363900	5.554098	nan	0.000297	nan
0.365300	5.667122	nan	0.000283	nan
0.366700	5.642823	nan	0.000286	nan
0.368100	5.665081	nan	0.000283	nan
0.369500	5.601174	nan	0.000291	nan
0.370900	5.743485	nan	0.000274	nan
0.372300	5.653243	nan	0.000285	nan
0.373700	5.849249	nan	0.000262	nan
0.375100	5.736061	nan	0.000275	nan
0.376500	5.768443	nan	0.000271	nan
0.377900	5.625434	nan	0.000288	nan
0.379300	5.600166	nan	0.000292	nan
0.380700	5.683124	nan	0.000281	nan
0.382100	5.752289	nan	0.000273	nan
0.383500	5.607249	nan	0.000291	nan
0.384900	5.643946	nan	0.000286	nan
0.386300	5.674955	nan	0.000282	nan
0.387700	5.695337	nan	0.000280	nan
0.389100	5.945838	nan	0.000251	nan
0.390500	5.820341	nan	0.000265	nan
0.391900	5.810053	nan	0.000266	nan
0.393300	5.805186	nan	0.000267	nan
0.394700	5.653401	nan	0.000285	nan
0.396100	5.772866	nan	0.000271	nan
0.397500	5.657388	nan	0.000284	nan
0.398900	5.767780	nan	0.000271	nan
0.400300	5.839996	nan	0.000263	nan
0.401700	5.628446	nan	0.000288	nan
0.403100	5.755887	nan	0.000273	nan
0.404500	5.636197	nan	0.000287	nan
0.405900	5.620889	nan	0.000289	nan
0.407300	5.870973	nan	0.000259	nan
0.408700	5.824149	nan	0.000265	nan
0.410100	5.812742	nan	0.000266	nan
0.411500	5.669344	nan	0.000283	nan
0.412900	5.767973	nan	0.000271	nan
0.414300	5.687405	nan	0.000281	nan
0.415700	5.998308	nan	0.000246	nan
0.417100	5.972337	nan	0.000248	nan
0.418500	6.029660	nan	0.000242	nan
0.419900	5.676720	nan	0.000282	nan
0.421300	5.784062	nan	0.000269	nan
0.422700	5.963821	nan	0.000249	nan
0.424100	6.057561	nan	0.000239	nan
0.425500	6.050218	nan	0.000240	nan
0.426900	5.756059	nan	0.000273	nan
0.428300	5.999339	nan	0.000246	nan
0.429700	5.823580	nan	0.000265	nan
0.431100	5.788456	nan	0.000269	nan
0.432500	5.833198	nan	0.000264	nan
0.433900	5.510332	nan	0.000303	nan
0.435300	5.939136	nan	0.000252	nan
0.436700	6.034112	nan	0.000242	nan
0.438100	5.992136	nan	0.000246	nan
0.439500	5.862699	nan	0.000260	nan
0.440900	5.959195	nan	0.000250	nan
0.442300	6.002415	nan	0.000245	nan
0.443700	6.101406	nan	0.000235	nan
0.445100	5.529090	nan	0.000301	nan
0.446500	5.942080	nan	0.000252	nan
0.447900	5.861015	nan	0.000261	nan
0.449300	5.873131	nan	0.000259	nan
0.450700	6.130337	nan	0.000232	nan
0.452100	5.926589	nan	0.000253	nan
0.453500	5.720381	nan	0.000277	nan
0.454900	6.269159	nan	0.000219	nan
0.456300	5.939468	nan	0.000252	nan
0.457700	5.712386	nan	0.000278	nan
0.459100	6.151729	nan	0.000230	nan
0.460500	5.949347	nan	0.000251	nan
0.461900	5.979198	nan	0.000248	nan
0.463300	6.010448	nan	0.000244	nan
0.464700	6.134354	nan	0.000232	nan
0.466100	5.863910	nan	0.000260	nan
0.467500	6.021295	nan	0.000243	nan
0.468900	6.118463	nan	0.000233	nan
0.470300	5.522464	nan	0.000301	nan
0.471700	6.141921	nan	0.000231	nan
0.473100	5.903079	nan	0.000256	nan
0.474500	5.938364	nan	0.000252	nan
0.475900	6.036796	nan	0.000242	nan
0.477300	5.971976	nan	0.000248	nan
0.478700	6.117329	nan	0.000233	nan
0.480100	5.827090	nan	0.000264	nan
0.481500	5.843990	nan	0.000263	nan
0.482900	6.080244	nan	0.000237	nan
0.484300	5.771519	nan	0.000271	nan
0.485700	5.888374	nan	0.000258	nan
0.487100	6.067449	nan	0.000238	nan
0.488500	6.146242	nan	0.000231	nan
0.489900	6.089960	nan	0.000236	nan
0.491300	5.844337	nan	0.000262	nan
0.492700	5.676750	nan	0.000282	nan
0.494100	5.991987	nan	0.000246	nan
0.495500	5.960100	nan	0.000250	nan
0.496900	5.896637	nan	0.000257	nan
0.498300	5.951112	nan	0.000251	nan
0.499700	6.041346	nan	0.000241	nan
0.501100	5.743983	nan	0.000274	nan
0.502500	6.186840	nan	0.000227	nan
0.503900	6.165340	nan	0.000229	nan
0.505300	5.947647	nan	0.000251	nan
0.506700	6.087115	nan	0.000236	nan
0.508100	5.918333	nan	0.000254	nan
0.509500	5.822748	nan	0.000265	nan
0.510900	6.156453	nan	0.000230	nan
0.512300	6.184749	nan	0.000227	nan
0.513700	6.065961	nan	0.000239	nan
0.515100	5.819215	nan	0.000265	nan
0.516500	5.989399	nan	0.000247	nan
0.517900	5.823217	nan	0.000265	nan
0.519300	5.983444	nan	0.000247	nan
0.520700	5.882963	nan	0.000258	nan
0.522100	5.840681	nan	0.000263	nan
0.523500	5.831850	nan	0.000264	nan
0.524900	6.080401	nan	0.000237	nan
0.526300	6.059177	nan	0.000239	nan
0.527700	6.255999	nan	0.000220	nan
0.529100	5.921366	nan	0.000254	nan
0.530500	5.820673	nan	0.000265	nan
0.531900	6.060413	nan	0.000239	nan
0.533300	5.736001	nan	0.000275	nan
0.534700	5.588999	nan	0.000293	nan
0.536100	6.007914	nan	0.000245	nan
0.537500	5.730100	nan	0.000276	nan
0.538900	5.316879	nan	0.000329	nan
0.540300	5.689177	nan	0.000281	nan
0.541700	5.441043	nan	0.000312	nan
0.543100	5.985092	nan	0.000247	nan
0.544500	5.841614	nan	0.000263	nan
0.545900	5.761886	nan	0.000272	nan
0.547300	5.763317	nan	0.000272	nan
0.548700	5.361925	nan	0.000323	nan
0.550100	5.731362	nan	0.000276	nan
0.551500	5.587358	nan	0.000293	nan
0.552900	6.029184	nan	0.000242	nan
0.554300	5.805193	nan	0.000267	nan
0.555700	5.566159	nan	0.000296	nan
0.557100	5.771466	nan	0.000271	nan
0.558500	5.544110	nan	0.000299	nan
0.559900	5.859040	nan	0.000261	nan
0.561300	5.467765	nan	0.000309	nan
0.562700	5.383046	nan	0.000320	nan
0.564100	5.714520	nan	0.000278	nan
0.565500	5.475573	nan	0.000308	nan
0.566900	5.551771	nan	0.000298	nan
0.568300	5.387391	nan	0.000319	nan
0.569700	5.595706	nan	0.000292	nan
0.571100	5.481339	nan	0.000307	nan
0.572500	5.701481	nan	0.000279	nan
0.573900	5.379606	nan	0.000321	nan
0.575300	5.409897	nan	0.000316	nan
0.576700	5.602108	nan	0.000291	nan
0.578100	5.495264	nan	0.000305	nan
0.579500	5.587244	nan	0.000293	nan
0.580900	5.281036	nan	0.000334	nan
0.582300	5.488877	nan	0.000306	nan
0.583700	5.545701	nan	0.000298	nan
0.585100	5.449053	nan	0.000311	nan
0.586500	5.193084	nan	0.000347	nan
0.587900	5.374285	nan	0.000321	nan
0.589300	5.184746	nan	0.000349	nan
0.590700	5.255589	nan	0.000338	nan
0.592100	5.092426	nan	0.000363	nan
0.593500	5.203476	nan	0.000346	nan
0.594900	5.575596	nan	0.000295	nan
0.596300	5.496917	nan	0.000305	nan
0.597700	5.444074	nan	0.000312	nan
0.599100	4.875017	nan	0.000398	nan
0.600500	5.049836	nan	0.000369	nan
0.601900	5.264604	nan	0.000337	nan
0.603300	5.113175	nan	0.000359	nan
0.604700	5.278072	nan	0.000335	nan
0.606100	5.157248	nan	0.000353	nan
0.607500	5.208903	nan	0.000345	nan
0.608900	4.917664	nan	0.000391	nan
0.610300	5.060679	nan	0.000368	nan
0.611700	4.801298	nan	0.000411	nan
0.613100	5.383767	nan	0.000320	nan
0.614500	5.007216	nan	0.000376	nan
0.615900	4.912769	nan	0.000392	nan
0.617300	5.049534	nan	0.000369	nan
0.618700	4.720410	nan	0.000426	nan
0.620100	4.889548	nan	0.000396	nan
0.621500	4.827588	nan	0.000406	nan
0.622900	4.604364	nan	0.000447	nan
0.624300	4.684973	nan	0.000432	nan
0.625700	4.748647	nan	0.000420	nan
0.627100	4.916128	nan	0.000391	nan
0.628500	4.942672	nan	0.000387	nan
0.629900	4.678861	nan	0.000433	nan
0.631300	4.690570	nan	0.000431	nan
0.632700	4.505584	nan	0.000467	nan
0.634100	4.586761	nan	0.000451	nan
0.635500	4.888675	nan	0.000396	nan
0.636900	4.762994	nan	0.000418	nan
0.638300	4.776561	nan	0.000415	nan
0.639700	4.698360	nan	0.000430	nan
0.641100	4.264401	nan	0.000518	nan
0.642500	4.701409	nan	0.000429	nan
0.643900	4.567514	nan	0.000454	nan
0.645300	4.428197	nan	0.000482	nan
0.646700	4.354819	nan	0.000498	nan
0.648100	4.458631	nan	0.000476	nan
0.649500	4.436542	nan	0.000481	nan
0.650900	4.309049	nan	0.000508	nan
0.652300	4.594336	nan	0.000449	nan
0.653700	4.274501	nan	0.000515	nan
0.655100	4.272639	nan	0.000516	nan
0.656500	4.367541	nan	0.000495	nan
0.657900	4.279742	nan	0.000514	nan
0.659300	4.457183	nan	0.000477	nan
0.660700	4.457433	nan	0.000476	nan
0.662100	4.065594	nan	0.000564	nan
0.663500	4.092916	nan	0.000557	nan
0.664900	4.283978	nan	0.000513	nan
0.666300	4.215890	nan	0.000529	nan
0.667700	4.148534	nan	0.000544	nan
0.669100	4.246917	nan	0.000522	nan
0.670500	4.364061	nan	0.000496	nan
0.671900	4.268527	nan	0.000517	nan
0.673300	4.063732	nan	0.000564	nan
0.674700	4.028759	nan	0.000573	nan
0.676100	4.126705	nan	0.000549	nan
0.677500	4.068465	nan	0.000563	nan
0.678900	4.231224	nan	0.000525	nan
0.680300	4.194657	nan	0.000533	nan
0.681700	4.075225	nan	0.000562	nan
0.683100	4.270050	nan	0.000516	nan
0.684500	3.804407	nan	0.000631	nan
0.685900	4.182794	nan	0.000536	nan
0.687300	3.661831	nan	0.000671	nan
0.688700	4.059158	nan	0.000565	nan
0.690100	3.974304	nan	0.000586	nan
0.691500	3.879394	nan	0.000611	nan
0.692900	3.764258	nan	0.000642	nan
0.694300	3.888086	nan	0.000609	nan
0.695700	4.233652	nan	0.000525	nan
0.697100	4.236684	nan	0.000524	nan
0.698500	3.801842	nan	0.000632	nan
0.699900	3.998716	nan	0.000580	nan
0.701300	3.848157	nan	0.000619	nan
0.702700	3.727447	nan	0.000652	nan
0.704100	3.798624	nan	0.000632	nan
0.705500	3.991922	nan	0.000582	nan
0.706900	3.676907	nan	0.000666	nan
0.708300	3.712378	nan	0.000656	nan
0.709700	4.056516	nan	0.000566	nan
0.711100	3.627023	nan	0.000681	nan
0.712500	3.688045	nan	0.000663	nan
0.713900	3.831256	nan	0.000624	nan
0.715300	3.715213	nan	0.000656	nan
0.716700	3.864360	nan	0.000615	nan
0.718100	3.953724	nan	0.000592	nan
0.719500	3.592016	nan	0.000691	nan
0.720900	3.657825	nan	0.000672	nan
0.722300	3.647135	nan	0.000675	nan
0.723700	3.872916	nan	0.000613	nan
0.725100	3.735197	nan	0.000650	nan
0.726500	3.656743	nan	0.000672	nan
0.727900	3.847032	nan	0.000619	nan
0.729300	4.126019	nan	0.000549	nan
0.730700	3.684673	nan	0.000664	nan
0.732100	3.564686	nan	0.000699	nan
0.733500	3.597149	nan	0.000690	nan
0.734900	3.166973	nan	0.000830	nan
0.736300	3.511113	nan	0.000716	nan
0.737700	3.558533	nan	0.000701	nan
0.739100	3.426598	nan	0.000742	nan
0.740500	3.660548	nan	0.000671	nan
0.741900	3.424317	nan	0.000743	nan
0.743300	3.458555	nan	0.000732	nan
0.744700	3.768340	nan	0.000641	nan
0.746100	3.731579	nan	0.000651	nan
0.747500	3.711165	nan	0.000657	nan
0.748900	3.643376	nan	0.000676	nan
0.750300	3.752739	nan	0.000645	nan
0.751700	3.716564	nan	0.000655	nan
0.753100	3.537846	nan	0.000708	nan
0.754500	3.518789	nan	0.000713	nan
0.755900	3.365364	nan	0.000762	nan
0.757300	3.591960	nan	0.000691	nan
0.758700	3.865998	nan	0.000614	nan
0.760100	3.115768	nan	0.000848	nan
0.761500	3.776295	nan	0.000639	nan
0.762900	3.473218	nan	0.000727	nan
0.764300	3.318106	nan	0.000778	nan
0.765700	3.392768	nan	0.000753	nan
0.767100	3.673876	nan	0.000667	nan
0.768500	3.729561	nan	0.000652	nan
0.769900	3.660131	nan	0.000671	nan
0.771300	3.592270	nan	0.000691	nan
0.772700	3.542968	nan	0.000706	nan
0.774100	3.687734	nan	0.000663	nan
0.775500	3.302011	nan	0.000783	nan
0.776900	3.079364	nan	0.000862	nan
0.778300	3.419761	nan	0.000744	nan
0.779700	3.341203	nan	0.000770	nan
0.781100	3.394062	nan	0.000753	nan
0.782500	3.572103	nan	0.000697	nan
0.783900	3.524397	nan	0.000712	nan
0.785300	3.229046	nan	0.000808	nan
0.786700	3.573805	nan	0.000697	nan
0.788100	3.544763	nan	0.000705	nan
0.789500	3.228298	nan	0.000808	nan
0.790900	3.234236	nan	0.000806	nan
0.792300	3.306184	nan	0.000782	nan
0.793700	3.075195	nan	0.000863	nan
0.795100	3.957097	nan	0.000591	nan
0.796500	3.798426	nan	0.000633	nan
0.797900	3.238222	nan	0.000805	nan
0.799300	3.280071	nan	0.000790	nan
0.800700	3.255944	nan	0.000799	nan
0.802100	3.588101	nan	0.000692	nan
0.803500	3.258797	nan	0.000798	nan
0.804900	3.106496	nan	0.000852	nan
0.806300	3.038446	nan	0.000877	nan
0.807700	3.291482	nan	0.000787	nan
0.809100	3.089479	nan	0.000858	nan
0.810500	3.213748	nan	0.000813	nan
0.811900	3.363649	nan	0.000763	nan
0.813300	3.413219	nan	0.000746	nan
0.814700	3.337656	nan	0.000771	nan
0.816100	3.333989	nan	0.000772	nan
0.817500	3.160783	nan	0.000832	nan
0.818900	3.077251	nan	0.000862	nan
0.820300	3.171444	nan	0.000828	nan
0.821700	3.486678	nan	0.000723	nan
0.823100	3.216885	nan	0.000812	nan
0.824500	3.165004	nan	0.000831	nan
0.825900	3.098359	nan	0.000855	nan
0.827300	3.162120	nan	0.000832	nan
0.828700	2.911072	nan	0.000926	nan
0.830100	3.210323	nan	0.000814	nan
0.831500	3.094707	nan	0.000856	nan
0.832900	3.062561	nan	0.000868	nan
0.834300	3.046748	nan	0.000874	nan
0.835700	3.243613	nan	0.000803	nan
0.837100	3.574241	nan	0.000697	nan
0.838500	2.881218	nan	0.000938	nan
0.839900	3.064575	nan	0.000867	nan
0.841300	2.811072	nan	0.000967	nan
0.842700	2.884319	nan	0.000937	nan
0.844100	3.181741	nan	0.000825	nan
0.845500	3.134020	nan	0.000842	nan
0.846900	3.055847	nan	0.000870	nan
0.848300	3.507132	nan	0.000717	nan
0.849700	3.013183	nan	0.000887	nan
0.851100	3.436411	nan	0.000739	nan
0.852500	3.048802	nan	0.000873	nan
0.853900	3.035751	nan	0.000878	nan
0.855300	2.962115	nan	0.000906	nan
0.856700	3.185054	nan	0.000823	nan
0.858100	3.306355	nan	0.000782	nan
0.859500	3.257821	nan	0.000798	nan
0.860900	2.988811	nan	0.000896	nan
0.862300	3.230325	nan	0.000808	nan
0.863700	2.877401	nan	0.000940	nan
0.865100	3.059719	nan	0.000869	nan
0.866500	3.174256	nan	0.000827	nan
0.867900	2.960447	nan	0.000907	nan
0.869300	2.765262	nan	0.000986	nan
0.870700	3.318636	nan	0.000777	nan
0.872100	2.971066	nan	0.000903	nan
0.873500	3.049964	nan	0.000873	nan
0.874900	2.546860	nan	0.001083	nan
0.876300	3.232008	nan	0.000807	nan
0.877700	3.122994	nan	0.000846	nan
0.879100	3.142458	nan	0.000839	nan
0.880500	3.310025	nan	0.000780	nan
0.881900	2.615059	nan	0.001052	nan
0.883300	2.815425	nan	0.000965	nan
0.884700	3.173094	nan	0.000828	nan
0.886100	2.651362	nan	0.001036	nan
0.887500	2.413744	nan	0.001147	nan
0.888900	2.857517	nan	0.000948	nan
0.890300	2.833557	nan	0.000958	nan
0.891700	2.796395	nan	0.000973	nan
0.893100	2.996159	nan	0.000893	nan
0.894500	2.711048	nan	0.001010	nan
0.895900	2.874899	nan	0.000941	nan
0.897300	2.783265	nan	0.000979	nan
0.898700	2.813252	nan	0.000966	nan
0.900100	2.829919	nan	0.000959	nan
0.901500	2.688838	nan	0.001019	nan
0.902900	2.592349	nan	0.001062	nan
0.904300	2.583154	nan	0.001067	nan
0.905700	2.388686	nan	0.001160	nan
0.907100	2.751866	nan	0.000992	nan
0.908500	2.793861	nan	0.000974	nan
0.909900	2.877122	nan	0.000940	nan
0.911300	2.708210	nan	0.001011	nan
0.912700	2.697912	nan	0.001015	nan
0.914100	2.911779	nan	0.000926	nan
0.915500	2.900133	nan	0.000931	nan
0.916900	2.581287	nan	0.001067	nan
0.918300	2.959816	nan	0.000907	nan
0.919700	2.811505	nan	0.000967	nan
0.921100	2.722466	nan	0.001005	nan
0.922500	2.636706	nan	0.001042	nan
0.923900	2.589668	nan	0.001064	nan
0.925300	2.676435	nan	0.001025	nan
0.926700	2.727880	nan	0.001002	nan
0.928100	2.499132	nan	0.001106	nan
0.929500	2.781173	nan	0.000980	nan
0.930900	2.630976	nan	0.001045	nan
0.932300	2.619414	nan	0.001050	nan
0.933700	2.644206	nan	0.001039	nan
0.935100	2.930725	nan	0.000919	nan
0.936500	2.479257	nan	0.001115	nan
0.937900	2.502152	nan	0.001104	nan
0.939300	2.656698	nan	0.001033	nan
0.940700	2.548156	nan	0.001083	nan
0.942100	2.466847	nan	0.001121	nan
0.943500	2.410137	nan	0.001149	nan
0.944900	2.605664	nan	0.001056	nan
0.946300	2.832395	nan	0.000958	nan
0.947700	2.652228	nan	0.001035	nan
0.949100	2.764384	nan	0.000987	nan
0.950500	2.624917	nan	0.001048	nan
0.951900	2.635456	nan	0.001043	nan
0.953300	2.838224	nan	0.000956	nan
0.954700	2.500684	nan	0.001105	nan
0.956100	2.755154	nan	0.000991	nan
0.957500	2.701658	nan	0.001014	nan
0.958900	2.470532	nan	0.001119	nan
0.960300	2.573277	nan	0.001071	nan
0.961700	2.353038	nan	0.001177	nan
0.963100	2.555308	nan	0.001079	nan
0.964500	2.637061	nan	0.001042	nan
0.965900	2.596775	nan	0.001060	nan
0.967300	2.296277	nan	0.001207	nan
0.968700	2.436135	nan	0.001136	nan
0.970100	2.083358	nan	0.001322	nan
0.971500	2.338435	nan	0.001185	nan
0.972900	2.663513	nan	0.001030	nan
0.974300	2.523873	nan	0.001094	nan
0.975700	2.281201	nan	0.001214	nan
0.977100	2.110024	nan	0.001307	nan
0.978500	2.006712	nan	0.001367	nan
0.979900	2.601068	nan	0.001058	nan
0.981300	2.206967	nan	0.001254	nan
0.982700	2.433475	nan	0.001137	nan
0.984100	2.292020	nan	0.001209	nan
0.985500	2.492284	nan	0.001109	nan
0.986900	2.571454	nan	0.001072	nan
0.988300	2.295143	nan	0.001207	nan
0.989700	2.739258	nan	0.000997	nan
0.991100	2.281559	nan	0.001214	nan
0.992500	2.241484	nan	0.001235	nan
0.993900	2.117087	nan	0.001303	nan
0.995300	2.215844	nan	0.001249	nan
0.996700	2.319492	nan	0.001195	nan
0.998100	2.167942	nan	0.001275	nan
0.999500	2.280890	nan	0.001215	nan
1.000900	2.205866	nan	0.001254	nan
1.002300	2.048684	nan	0.001342	nan
1.003700	2.301183	nan	0.001204	nan
1.005100	2.000555	nan	0.001370	nan
1.006500	2.204102	nan	0.001255	nan
1.007900	2.555297	nan	0.001079	nan
1.009300	2.207854	nan	0.001253	nan
1.010700	2.077830	nan	0.001325	nan
1.012100	2.387798	nan	0.001160	nan
1.013500	2.101143	nan	0.001312	nan
1.014900	2.307237	nan	0.001201	nan
1.016300	2.191931	nan	0.001262	nan
1.017700	1.984708	nan	0.001380	nan
1.019100	2.594726	nan	0.001061	nan
1.020500	2.114564	nan	0.001305	nan
1.021900	2.125929	nan	0.001298	nan
1.023300	2.183387	nan	0.001267	nan
1.024700	2.047372	nan	0.001343	nan
1.026100	2.137097	nan	0.001292	nan
1.027500	2.342336	nan	0.001183	nan
1.028900	2.381428	nan	0.001163	nan
1.030300	2.159304	nan	0.001280	nan
1.031700	2.054323	nan	0.001339	nan
1.033100	2.122561	nan	0.001300	nan
1.034500	2.121588	nan	0.001301	nan
1.035900	2.027446	nan	0.001354	nan
1.037300	2.229201	nan	0.001242	nan
1.038700	2.154223	nan	0.001283	nan
1.040100	2.080667	nan	0.001324	nan
1.041500	1.851839	nan	0.001461	nan
1.042900	2.029640	nan	0.001353	nan
1.044300	1.980703	nan	0.001382	nan
1.045700	2.122097	nan	0.001300	nan
1.047100	2.022774	nan	0.001357	nan
1.048500	2.468456	nan	0.001120	nan
1.049900	2.029765	nan	0.001353	nan
1.051300	1.978928	nan	0.001383	nan
1.052700	1.893505	nan	0.001435	nan
1.054100	2.254389	nan	0.001229	nan
1.055500	2.018695	nan	0.001360	nan
1.056900	1.702009	nan	0.001558	nan
1.058300	2.154428	nan	0.001282	nan
1.059700	1.805005	nan	0.001490	nan
1.061100	2.018934	nan	0.001359	nan
1.062500	1.977675	nan	0.001384	nan
1.063900	1.791883	nan	0.001499	nan
1.065300	1.983335	nan	0.001380	nan
1.066700	1.806474	nan	0.001489	nan
1.068100	1.862648	nan	0.001454	nan
1.069500	2.307293	nan	0.001201	nan
1.070900	2.021569	nan	0.001358	nan
1.072300	1.812336	nan	0.001486	nan
1.073700	1.820066	nan	0.001481	nan
1.075100	1.983936	nan	0.001380	nan
1.076500	1.953287	nan	0.001398	nan
1.077900	1.962824	nan	0.001393	nan
1.079300	1.986292	nan	0.001379	nan
1.080700	1.758330	nan	0.001521	nan
1.082100	1.896658	nan	0.001433	nan
1.083500	1.636527	nan	0.001602	nan
1.084900	1.705066	nan	0.001556	nan
1.086300	1.737974	nan	0.001534	nan
1.087700	1.594873	nan	0.001631	nan
1.089100	1.651015	nan	0.001592	nan
1.090500	1.788832	nan	0.001501	nan
1.091900	1.564845	nan	0.001652	nan
1.093300	1.992868	nan	0.001375	nan
1.094700	1.816011	nan	0.001483	nan
1.096100	1.572099	nan	0.001647	nan
1.097500	1.604742	nan	0.001624	nan
1.098900	1.816966	nan	0.001483	nan
1.100300	1.960911	nan	0.001394	nan
1.101700	1.575027	nan	0.001645	nan
1.103100	1.595924	nan	0.001631	nan
1.104500	1.756799	nan	0.001522	nan
1.105900	1.723799	nan	0.001543	nan
1.107300	1.913978	nan	0.001422	nan
1.108700	1.658019	nan	0.001588	nan
1.110100	1.860990	nan	0.001455	nan
1.111500	1.663266	nan	0.001584	nan
1.112900	1.854789	nan	0.001459	nan
1.114300	1.743660	nan	0.001530	nan
1.115700	1.665341	nan	0.001583	nan
1.117100	1.944698	nan	0.001403	nan
1.118500	1.909408	nan	0.001425	nan
1.119900	1.857838	nan	0.001457	nan
1.121300	1.743045	nan	0.001531	nan
1.122700	1.756211	nan	0.001522	nan
1.124100	1.737789	nan	0.001534	nan
1.125500	1.311345	nan	0.001843	nan
1.126900	1.685272	nan	0.001569	nan
1.128300	1.682945	nan	0.001571	nan
1.129700	1.795903	nan	0.001496	nan
1.131100	1.334223	nan	0.001825	nan
1.132500	1.743161	nan	0.001530	nan
1.133900	1.759057	nan	0.001520	nan
1.135300	1.863346	nan	0.001453	nan
1.136700	1.955678	nan	0.001397	nan
1.138100	1.542465	nan	0.001668	nan
1.139500	1.723231	nan	0.001544	nan
1.140900	1.776027	nan	0.001509	nan
1.142300	1.831145	nan	0.001474	nan
1.143700	1.689499	nan	0.001566	nan
1.145100	1.707794	nan	0.001554	nan
1.146500	1.258419	nan	0.001885	nan
1.147900	1.692651	nan	0.001564	nan
1.149300	1.694341	nan	0.001563	nan
1.150700	1.456717	nan	0.001731	nan
1.152100	1.887945	nan	0.001438	nan
1.153500	1.377178	nan	0.001791	nan
1.154900	1.492957	nan	0.001704	nan
1.156300	1.299504	nan	0.001852	nan
1.157700	1.948612	nan	0.001401	nan
1.159100	1.414996	nan	0.001762	nan
1.160500	1.519962	nan	0.001685	nan
1.161900	1.745120	nan	0.001529	nan
1.163300	1.440173	nan	0.001743	nan
1.164700	1.531571	nan	0.001676	nan
1.166100	1.413348	nan	0.001764	nan
1.167500	1.400357	nan	0.001774	nan
1.168900	1.320233	nan	0.001836	nan
1.170300	1.462378	nan	0.001727	nan
1.171700	1.713165	nan	0.001550	nan
1.173100	1.528999	nan	0.001678	nan
1.174500	1.670097	nan	0.001579	nan
1.175900	1.543576	nan	0.001668	nan
1.177300	1.335049	nan	0.001824	nan
1.178700	1.324544	nan	0.001832	nan
1.180100	1.667187	nan	0.001581	nan
1.181500	1.617594	nan	0.001615	nan
1.182900	1.668006	nan	0.001581	nan
1.184300	1.446390	nan	0.001739	nan
1.185700	0.853052	nan	0.002244	nan
1.187100	1.285987	nan	0.001863	nan
1.188500	1.779644	nan	0.001507	nan
1.189900	1.023400	nan	0.002086	nan
1.191300	1.031714	nan	0.002078	nan
1.192700	1.362422	nan	0.001803	nan
1.194100	1.130819	nan	0.001991	nan
1.195500	1.191516	nan	0.001940	nan
1.196900	1.513276	nan	0.001689	nan
1.198300	1.197190	nan	0.001935	nan
1.199700	1.406925	nan	0.001769	nan
1.201100	0.928613	nan	0.002172	nan
1.202500	1.397806	nan	0.001775	nan
1.203900	1.609877	nan	0.001621	nan
1.205300	1.192495	nan	0.001939	nan
1.206700	0.928726	nan	0.002172	nan
1.208100	1.559323	nan	0.001656	nan
1.209500	1.618302	nan	0.001615	nan
1.210900	0.952227	nan	0.002150	nan
1.212300	1.162802	nan	0.001964	nan
1.213700	0.996370	nan	0.002110	nan
1.215100	1.109614	nan	0.002010	nan
1.216500	1.042949	nan	0.002068	nan
1.217900	0.962691	nan	0.002141	nan
1.219300	1.355579	nan	0.001808	nan
1.220700	1.229225	nan	0.001909	nan
1.222100	1.126563	nan	0.001995	nan
1.223500	1.284501	nan	0.001864	nan
1.224900	1.454127	nan	0.001733	nan
1.226300	0.983836	nan	0.002121	nan
1.227700	1.344456	nan	0.001817	nan
1.229100	1.068791	nan	0.002045	nan
1.230500	0.852792	nan	0.002244	nan
1.231900	1.157899	nan	0.001968	nan
1.233300	1.528281	nan	0.001679	nan
1.234700	1.251331	nan	0.001891	nan
1.236100	0.989137	nan	0.002117	nan
1.237500	0.916063	nan	0.002184	nan
1.238900	1.228971	nan	0.001909	nan
1.240300	1.182235	nan	0.001948	nan
1.241700	1.345316	nan	0.001816	nan
1.243100	1.405771	nan	0.001769	nan
1.244500	1.131161	nan	0.001991	nan
1.245900	0.962224	nan	0.002141	nan
1.247300	0.953002	nan	0.002150	nan
1.248700	0.944111	nan	0.002158	nan
1.250100	1.188959	nan	0.001942	nan
1.251500	1.049736	nan	0.002062	nan
1.252900	0.949159	nan	0.002153	nan
1.254300	1.017088	nan	0.002091	nan
1.255700	0.978640	nan	0.002126	nan
1.257100	0.839802	nan	0.002257	nan
1.258500	1.102018	nan	0.002016	nan
1.259900	1.240025	nan	0.001900	nan
1.261300	1.117880	nan	0.002003	nan
1.262700	0.943528	nan	0.002158	nan
1.264100	1.102937	nan	0.002015	nan
1.265500	0.804714	nan	0.002291	nan
1.266900	1.566025	nan	0.001652	nan
1.268300	1.007067	nan	0.002100	nan
1.269700	0.790182	nan	0.002306	nan
1.271100	1.069736	nan	0.002044	nan
1.272500	1.234957	nan	0.001904	nan
1.273900	0.984554	nan	0.002121	nan
1.275300	0.786602	nan	0.002309	nan
1.276700	0.988723	nan	0.002117	nan
1.278100	0.941392	nan	0.002160	nan
1.279500	1.380550	nan	0.001789	nan
1.280900	1.104914	nan	0.002014	nan
1.282300	1.026720	nan	0.002083	nan
1.283700	1.124140	nan	0.001997	nan
1.285100	0.906715	nan	0.002193	nan
1.286500	0.697200	nan	0.002400	nan
1.287900	1.123645	nan	0.001998	nan
1.289300	0.766463	nan	0.002329	nan
1.290700	0.641898	nan	0.002457	nan
1.292100	1.024125	nan	0.002085	nan
1.293500	0.872516	nan	0.002225	nan
1.294900	0.793082	nan	0.002303	nan
1.296300	0.815405	nan	0.002281	nan
1.297700	0.901863	nan	0.002197	nan
1.299100	0.990916	nan	0.002115	nan
1.300500	0.921340	nan	0.002179	nan
1.301900	0.866955	nan	0.002231	nan
1.303300	0.357589	nan	0.002777	nan
1.304700	0.924469	nan	0.002176	nan
1.306100	0.845783	nan	0.002251	nan
1.307500	1.021975	nan	0.002087	nan
1.308900	0.991905	nan	0.002114	nan
1.310300	1.081065	nan	0.002034	nan
1.311700	0.774749	nan	0.002321	nan
1.313100	0.624330	nan	0.002476	nan
1.314500	0.769718	nan	0.002326	nan
1.315900	0.732544	nan	0.002363	nan
1.317300	0.776207	nan	0.002319	nan
1.318700	0.716399	nan	0.002380	nan
1.320100	0.852894	nan	0.002244	nan
1.321500	0.814423	nan	0.002282	nan
1.322900	0.675890	nan	0.002422	nan
1.324300	0.640968	nan	0.002458	nan
1.325700	0.887314	nan	0.002211	nan
1.327100	0.836764	nan	0.002260	nan
1.328500	0.519905	nan	0.002590	nan
1.329900	1.085273	nan	0.002031	nan
1.331300	0.714602	nan	0.002382	nan
1.332700	0.880599	nan	0.002218	nan
1.334100	0.785448	nan	0.002310	nan
1.335500	0.979228	nan	0.002126	nan
1.336900	0.903407	nan	0.002196	nan
1.338300	0.934235	nan	0.002167	nan
1.339700	0.953267	nan	0.002149	nan
1.341100	0.745112	nan	0.002351	nan
1.342500	0.605289	nan	0.002496	nan
1.343900	0.858243	nan	0.002239	nan
1.345300	0.787129	nan	0.002309	nan
1.346700	0.477543	nan	0.002637	nan
1.348100	0.714130	nan	0.002382	nan
1.349500	0.577408	nan	0.002526	nan
1.350900	0.726261	nan	0.002370	nan
1.352300	0.850839	nan	0.002246	nan
1.353700	0.696024	nan	0.002401	nan
1.355100	0.630257	nan	0.002470	nan
1.356500	0.625579	nan	0.002475	nan
1.357900	0.785513	nan	0.002310	nan
1.359300	0.737752	nan	0.002358	nan
1.360700	0.640530	nan	0.002459	nan
1.362100	0.810636	nan	0.002285	nan
1.363500	0.902464	nan	0.002197	nan
1.364900	0.808677	nan	0.002287	nan
1.366300	0.899736	nan	0.002199	nan
1.367700	0.774397	nan	0.002321	nan
1.369100	0.483306	nan	0.002631	nan
1.370500	0.486851	nan	0.002627	nan
1.371900	0.662581	nan	0.002436	nan
1.373300	0.906402	nan	0.002193	nan
1.374700	0.791176	nan	0.002305	nan
1.376100	0.762742	nan	0.002333	nan
1.377500	0.828205	nan	0.002268	nan
1.378900	0.851945	nan	0.002245	nan
1.380300	0.708731	nan	0.002388	nan
1.381700	0.508354	nan	0.002602	nan
1.383100	0.575691	nan	0.002528	nan
1.384500	0.796146	nan	0.002300	nan
1.385900	0.617006	nan	0.002484	nan
1.387300	0.883749	nan	0.002215	nan
1.388700	0.638612	nan	0.002461	nan
1.390100	0.658966	nan	0.002439	nan
1.391500	0.709166	nan	0.002387	nan
1.392900	0.770512	nan	0.002325	nan
1.394300	0.709759	nan	0.002387	nan
1.395700	1.137834	nan	0.001985	nan
1.397100	0.480557	nan	0.002634	nan
1.398500	0.453029	nan	0.002665	nan
1.399900	0.678574	nan	0.002419	nan
1.401300	0.667849	nan	0.002430	nan
1.402700	0.414837	nan	0.002709	nan
1.404100	0.449215	nan	0.002670	nan
1.405500	0.586499	nan	0.002517	nan
1.406900	0.528301	nan	0.002580	nan
1.408300	0.453127	nan	0.002665	nan
1.409700	0.433044	nan	0.002688	nan
1.411100	0.616884	nan	0.002484	nan
1.412500	0.595028	nan	0.002507	nan
1.413900	0.621274	nan	0.002479	nan
1.415300	0.485882	nan	0.002628	nan
1.416700	0.615088	nan	0.002486	nan
1.418100	0.516328	nan	0.002594	nan
1.419500	0.588647	nan	0.002514	nan
1.420900	0.508834	nan	0.002602	nan
1.422300	0.486150	nan	0.002627	nan
1.423700	0.417876	nan	0.002706	nan
1.425100	0.571905	nan	0.002532	nan
1.426500	0.500572	nan	0.002611	nan
1.427900	0.430873	nan	0.002691	nan
1.429300	0.471755	nan	0.002644	nan
1.430700	0.871896	nan	0.002226	nan
1.432100	0.498250	nan	0.002614	nan
1.433500	0.445603	nan	0.002674	nan
1.434900	0.573030	nan	0.002531	nan
1.436300	0.451853	nan	0.002666	nan
1.437700	0.733353	nan	0.002363	nan
1.439100	0.438601	nan	0.002682	nan
1.440500	0.497964	nan	0.002614	nan
1.441900	0.270836	nan	0.002882	nan
1.443300	0.502667	nan	0.002609	nan
1.444700	0.816723	nan	0.002279	nan
1.446100	0.392217	nan	0.002736	nan
1.447500	0.393451	nan	0.002734	nan
1.448900	0.673150	nan	0.002424	nan
1.450300	0.471936	nan	0.002644	nan
1.451700	0.582987	nan	0.002520	nan
1.453100	0.415568	nan	0.002708	nan
1.454500	0.127076	nan	0.003066	nan
1.455900	0.126132	nan	0.003067	nan
1.457300	0.406446	nan	0.002719	nan
1.458700	0.619197	nan	0.002481	nan
1.460100	0.577419	nan	0.002526	nan
1.461500	0.226541	nan	0.002938	nan
1.462900	0.308266	nan	0.002836	nan
1.464300	0.345017	nan	0.002792	nan
1.465700	0.402245	nan	0.002724	nan
1.467100	0.410852	nan	0.002714	nan
1.468500	0.564821	nan	0.002540	nan
1.469900	0.674089	nan	0.002424	nan
1.471300	0.595349	nan	0.002507	nan
1.472700	0.284945	nan	0.002865	nan
1.474100	0.351046	nan	0.002785	nan
1.475500	0.298804	nan	0.002848	nan
1.476900	0.000000	nan	0.003238	nan
1.478300	0.263021	nan	0.002892	nan
1.479700	0.380331	nan	0.002750	nan
1.481100	0.285496	nan	0.002864	nan
1.482500	0.251815	nan	0.002906	nan
1.483900	0.683735	nan	0.002413	nan
1.485300	0.552566	nan	0.002553	nan
1.486700	0.572532	nan	0.002532	nan
1.488100	0.316217	nan	0.002827	nan
1.489500	0.531311	nan	0.002577	nan
1.490900	0.317580	nan	0.002825	nan
1.492300	0.023509	nan	0.003206	nan
1.493700	0.439451	nan	0.002681	nan
1.495100	0.239132	nan	0.002922	nan
1.496500	0.418778	nan	0.002705	nan
1.497900	0.448269	nan	0.002671	nan
1.499300	0.118213	nan	0.003078	nan
#Window		Free	+/-	
#0	0.000000	nan
#1	-5.558727	nan
#2	-8.534883	nan
#3	-9.589500	nan
